Form\ВыборЗапроса\Форма.bsl-->d42dce1d-5e85-44f1-99a7-de383392e500.0 (1 131, 1 633)
Form\Граница\Форма.bsl-->e35a562e-fda4-44ce-8a2a-53dde8c233a5.0 (398, 615)
Form\МоментВремени\Форма.bsl-->3b17bd0b-2c68-4ef8-898a-6534d503c870.0 (268, 386)
Form\Настройки\Форма.bsl-->b9158f2d-d5c6-4ac1-8009-6553afc1ab40.0 (553, 606)
Form\ПланВыполненияЗапроса\Форма.bsl-->1909f3ce-3547-4a08-aefd-8061d94624e7.0 (2 505, 2 754)
Form\РезультатЗапроса\Форма.bsl-->89bd0d2f-3a4d-4b7e-a069-47b3ee834dd2.0 (160, 179)
Form\ТаблицаЗначений\Форма.bsl-->c46be266-013a-42e4-b0ac-a76339eb030e.0 (1 017, 1 520)
Form\ТекстЗапросаДляКонфигуратора\Форма.bsl-->98d45a81-8659-4fbd-ac98-00cb684a312f.0 (166, 203)
Form\Форма\Форма.bsl-->038c8820-c9dc-45c4-8b2d-190242f31a91.0 (2 678, 4 503)
Макеты\РезультатВыполненияЗапроса.mxl-->a8950bf5-42ab-4663-b5d5-8ae6ef86af75.0
